Given Equations:
x1 + 2x2 + 5x3 + x4 = 4
3x1 - 4x2 + 3x3 - 2x4 = 7
4x1 + 3x2 + 2x3 - x4 = 1
x1 - 2x2 - 4x3 - x4 = 2

Matrix from the equations after parsing from file:
 1.00  2.00  5.00  1.00 
 3.00 -4.00  3.00 -2.00 
 4.00  3.00  2.00 -1.00 
 1.00 -2.00 -4.00 -1.00 

Inverse of the matrix: 
   0.52381   -0.04762    0.00000    0.61905 
  -0.25714   -0.08571    0.20000   -0.28571 
  -0.04762    0.09524   -0.00000   -0.23810 
   1.22857   -0.25714   -0.40000    1.14286 

Solution for the system:
x1 = 3
x2 = -2
x3 = 0
x4 = 5
